UNITS MM,10000;
EDIT proj;
ADD P1 :W0.000000  0.0000,-0.7000 2.0000,-0.7000 2.0000,0.7000 0.0000,0.7000;
ADD P1 :W0.000000  2.7000,0.7000 2.0000,0.7000 2.0000,-0.7000 2.7000,-0.7000;
ADD P1 :W0.000000  11.8500,0.7000 11.8500,0.2000 12.8500,0.2000 12.8500,0.7000;
ADD P1 :W0.000000  11.8500,-0.2000 11.8500,-0.7000 12.8500,-0.7000 12.8500,-0.2000;
ADD P1 :W0.000000  12.0000,0.7000 12.0000,0.6999 12.7000,0.6999 12.7000,0.7000 12.6796,1.1663 12.6187,1.6290 12.5177,2.0847 12.3774,2.5298 12.1987,2.9610 11.9832,3.3750 11.7325,3.7686 11.4483,4.1389 11.1330,4.4830 10.7889,4.7983 10.4186,5.0825 10.0250,5.3332 9.6110,5.5487 9.1798,5.7274 8.7347,5.8677 8.2790,5.9687 7.8163,6.0296 7.3500,6.0500 6.8837,6.0296 6.4210,5.9687 5.9653,5.8677 5.5202,5.7274 5.0890,5.5487 4.6750,5.3332 4.2814,5.0825 3.9111,4.7983 3.5670,4.4830 3.2517,4.1389 2.9675,3.7686 2.7168,3.3750 2.5013,2.9610 2.3226,2.5298 2.1823,2.0847 2.0813,1.6290 2.0204,1.1663 2.0000,0.7000 2.0000,0.6999 2.7000,0.6999 2.7000,0.7000 2.7177,1.1053 2.7706,1.5075 2.8584,1.9035 2.9804,2.2904 3.1357,2.6652 3.3230,3.0250 3.5409,3.3671 3.7879,3.6890 4.0620,3.9880 4.3610,4.2621 4.6829,4.5091 5.0250,4.7270 5.3848,4.9143 5.7596,5.0696 6.1465,5.1916 6.5425,5.2794 6.9447,5.3323 7.3500,5.3500 7.7553,5.3323 8.1575,5.2794 8.5535,5.1916 8.9404,5.0696 9.3152,4.9143 9.6750,4.7270 10.0171,4.5091 10.3390,4.2621 10.6380,3.9880 10.9121,3.6890 11.1591,3.3671 11.3770,3.0250 11.5643,2.6652 11.7196,2.2904 11.8416,1.9035 11.9294,1.5075 11.9823,1.1053;
ADD P1 :W0.000000  2.7000,-0.7000 2.7000,-0.6999 2.0000,-0.6999 2.0000,-0.7000 2.0204,-1.1663 2.0813,-1.6290 2.1823,-2.0847 2.3226,-2.5298 2.5013,-2.9610 2.7168,-3.3750 2.9675,-3.7686 3.2517,-4.1389 3.5670,-4.4830 3.9111,-4.7983 4.2814,-5.0825 4.6750,-5.3332 5.0890,-5.5487 5.5202,-5.7274 5.9653,-5.8677 6.4210,-5.9687 6.8837,-6.0296 7.3500,-6.0500 7.8163,-6.0296 8.2790,-5.9687 8.7347,-5.8677 9.1798,-5.7274 9.6110,-5.5487 10.0250,-5.3332 10.4186,-5.0825 10.7889,-4.7983 11.1330,-4.4830 11.4483,-4.1389 11.7325,-3.7686 11.9832,-3.3750 12.1987,-2.9610 12.3774,-2.5298 12.5177,-2.0847 12.6187,-1.6290 12.6796,-1.1663 12.7000,-0.7000 12.7000,-0.6999 12.0000,-0.6999 12.0000,-0.7000 11.9823,-1.1053 11.9294,-1.5075 11.8416,-1.9035 11.7196,-2.2904 11.5643,-2.6652 11.3770,-3.0250 11.1591,-3.3671 10.9121,-3.6890 10.6380,-3.9880 10.3390,-4.2621 10.0171,-4.5091 9.6750,-4.7270 9.3152,-4.9143 8.9404,-5.0696 8.5535,-5.1916 8.1575,-5.2794 7.7553,-5.3323 7.3500,-5.3500 6.9447,-5.3323 6.5425,-5.2794 6.1465,-5.1916 5.7596,-5.0696 5.3848,-4.9143 5.0250,-4.7270 4.6829,-4.5091 4.3610,-4.2621 4.0620,-3.9880 3.7879,-3.6890 3.5409,-3.3671 3.3230,-3.0250 3.1357,-2.6652 2.9804,-2.2904 2.8584,-1.9035 2.7706,-1.5075 2.7177,-1.1053;
ADD P1 :W0.000000  17.7868,9.1797 13.8279,9.1797 12.9879,8.3397 12.9879,1.3792 14.3879,1.3792 14.3879,7.7797 17.7868,7.7797;
  BEGIN_ASSOC
    ADD N1 :F1.000000 :R0 :T12345 'net=P5' 0.00, 0.00;
  END_ASSOC
ADD P1 :W0.000000  13.3379,1.3792 13.3379,0.8297 12.8475,0.8297 12.8475,0.1297 13.6179,0.1297 14.0379,0.5497 14.0379,1.3792;
  BEGIN_ASSOC
    ADD N1 :F1.000000 :R0 :T12345 'net=P5' 0.00, 0.00;
  END_ASSOC
ADD P1 :W0.000000  17.7740,-7.7495 14.3751,-7.7495 14.3751,-1.3490 12.9751,-1.3490 12.9751,-8.3095 13.8151,-9.1495 17.7740,-9.1495;
  BEGIN_ASSOC
    ADD N1 :F1.000000 :R0 :T12345 'net=P6' 0.00, 0.00;
  END_ASSOC
ADD P1 :W0.000000  14.0251,-1.3490 14.0251,-0.5195 13.6051,-0.0995 12.8347,-0.0995 12.8347,-0.7995 13.3251,-0.7995 13.3251,-1.3490;
  BEGIN_ASSOC
    ADD N1 :F1.000000 :R0 :T12345 'net=P6' 0.00, 0.00;
  END_ASSOC
SAVE;
